1659
1672
2054
2062
2283
2429
2607
2637
2651
2655
3034
3107
3182
3204
3301
3336
3395
3565
3611
3891
4065
4197
4634
4677
4723
4847
5006
5007
5008
5009
5010
5016
5021
5032
5035
5042
5048
5054
5056
5070
5071
5073
5077
5085
5099
5129
5136
5140
5143
5145
5147
5149
5163
5167
5171
5172
5173
5178
5184
5190
5205
5208
5211
5219
5222
5226
5231
5238
5246
5253
5258
5263
5265
5267
5273
5276
5281
5293
5301
5303
5310
5317
5320
5371
5379
5386
5398
5568
5673
5703
5843
5908
5932
6149
6173
6254
6491
6521
6971
6998
7003
7007
7010
7013
7014
7016
7017
7018
7022
7025
7028
7033
7050
7053
7055
7070
7073
7076
7078
7086
7091
7095
7097
7115
7117
7129
7133
7160
7161
7162
7163
7170
7187
7195
7197
7199
7201
7207
7208
7210
7211
7212
7218
7223
7227
7229
7231
7232
7233
7235
7240
7241
7245
7374
7528
7579
7595
7609
7986
8044
8052
8117
8133
8192
8311
8346
8397
8419
8486
8591
8613
8702
8869
8877
9121
9237
9261
9296
9318
9423
9466
9571
9598
9601
9679
9717
9741
9822
