5347
1295
1023
5183
3182
1961
6012
4863
5211
5225
2488
2445
6888
1015
5681
3301
6033
7106
1066
5819
5185
1082
5139
1203
6035
5114
6742
4677
5209
5297
5100
6812
5326
6882
5398
2637
2655
2633
5379
3704
5119
5285
5249
5288
4197
5126
5299
5169
5101
5273
8869
3816
5236
1617
5318
5168
5378
1659
4065
7084
1672
3689
5250
5306
5323
5372
0128
0104
6057
5152
0086
7031
0170
5265
5020
6947
4008
1980
5099
5307
5192
5116
5386
1818
0174
5503
5292
5088
5238
5115
0147
7212
6068
7168
5131
1619
4405
0263
7773
5322
5291
2836
3255
7237
6399
4502
3379
6483
0285
7086
7609
7162
0227
5371
0288
8117
7235
5009
5048
7014
0122
0191
5301
5081
0236
7083
1899
0205
8443
5068
4731
7692
4758
3298
7222
5289
7173
0246
0029
0131
5036
5028
0265
0249
5011
4944
0123
0202
0259
0132
9075
0140
0010
0040
7187
7018
5071
8435
5000
6211
7544
5145
5149
1481
3034
5606
6491
3905
2429
5016
7148
0171
5278
9601
7095
0217
0215
0225
7207
0262
7097
8907
7146
5302
5311
5220
5309
0127
0111
0112
6637
0196
0183
0028
7155
5066
6963
5293
0226
7579
6173
7195
6998
7245
7528
0255
8877
5205
5222
5226
9261
0206
0198
3204
0284
7022
0296
0221
3336
7240
0192
4723
0292
0151
7161
5171
0193
5310
7170
9571
5085
5073
0235
0233
8311
5219
9598
7055
0091
5070
9741
0223
0109
03050
9717
0211
5054
2054
1368
0273
7070
9679
0162
7003
7028
2283
0315
0024
0293
7201
7054
8982
5029
2291
5138
7501
6262
3476
5027
5026
5319
5135
4316
5012
9059
2593
2089
5228
0286
3441
0242
0200
5325
7167
2658
6432
2828
7174
7128
7035
3026
0297
5102
5187
6203
8303
7085
3662
5202
7315
0312
7107
4081
0260
0300
0212
7252
0012
7176
7121
5300
0309
0304
0180
0239
7094
7152
8079
7935
0229
9407
7006
7180
0216
0279
0197
3069
7191
0163
7153
5079
0303
7184
7081
0101
0256
0155
0243
0157
5878
6114
2143
4715
5592
9113
3573
1198
7243
2097
5517
1562
0179
7149
5247
7215
0201
7165
0099
6009
0150
0053
5568
0168
0238
7986
5317
7233
0267
5208
8613
9318
0231
0188
0307
7199
6971
7033
7160
7232
9822
0133
5163
0251
5010
0232
7231
0025
7214
0218
2674
7221
5916
5436
7129
8052
7017
5199
5243
7676
5210
5257
5141
5132
7277
4324
5321
5186
5078
0220
5133
3042
0219
7228
7250
5142
7293
0269
9148
0228
5065
7248
7034
7285
4995
7188
7169
5197
5649
4383
5223
6904
0302
7203
7471
3107
0213
7241
5252
7374
5269
5127
5106
5123
5111
5110
7131
4057
5182
5049
6076
6815
8494
6041
1147
9962
5084
8923
0308
7179
3174
5789
8893
8141
6181
1694
3913
0056
7071
5053
2682
6912
5075
5313
8745
5207
2224
5213
5315
3743
1538
5191
5401
7079
3158
5738
3557
1503
4251
6459
7036
5248
7080
5296
5021
0187
5104
5276
5008
5136
5843
5143
5983
7099
4464
0289
7073
0158
5242
5167
0247
5159
5657
5180
5227
5280
5212
7048
5295
5316
5275
7192
7204
4456
0166
9334
0143
3867
5005
0181
0090
5277
0208
0146
0070
0120
0097
5032
7210
2062
0282
5077
5173
5246
0253
0258
0119
7181
0276
0051
0065
0023
0176
0103
0026
0290
0203
0050
0008
5094
7217
5072
9881
5232
4235
9199
5098
0207
5087
5125
4375
0092
7226
0165
0082
0035
0085
0195
0172
0032
5031
4162
4847
0186
4634
5320
5303
5140
8397
0199
5267
5041
8567
