0006
0008
0010
0020
0023
0026
0028
0029
0034
0035
0036
0038
0040
0043
0050
0051
0060
0065
0066
0070
0075
0079
0082
0083
0085
0086
0090
0093
0094
0096
0097
0102
0103
0104
0106
0108
0111
0112
0119
0120
0123
0126
0127
0128
0129
0131
0132
0140
0143
0145
0146
0154
0156
0166
0169
0170
0176
0181
0183
0196
0202
0203
0208
0246
0249
0253
0258
0259
0265
0270
0272
0275
0276
0277
0278
0290
03011
03025
03038
0311
3247
3867
4359
4456
4944
5005
5011
5028
5036
5066
5107
5152
5161
5162
5195
5220
5277
5286
5302
5309
5311
6057
6637
6963
7031
7100
7146
7155
7181
7204
8338
9008
9075
9334
9377
9393
