0040
0051
0056
0065
0140
0158
0161
0162
0165
0169
0171
0172
0176
0179
0180
0182
0186
0187
0188
0195
0200
0202
0203
0207
0212
0216
0218
0219
0220
0221
0223
0227
0231
0232
0235
0236
0247
0253
0255
0257
0258
0262
0269
0276
0286
0288
0289
0290
0296
1147
2054
2062
2682
2828
2852
3298
4057
4456
4502
4723
5028
5029
5071
5075
5084
5088
5116
5127
5133
5142
5151
5167
5171
5182
5195
5202
5208
5220
5226
5232
5242
5243
5247
5252
5258
5267
5269
5273
5275
5277
5278
5289
5291
5300
5301
5309
5310
5311
5313
5316
5319
5320
5321
5843
6012
6076
6114
6181
6483
6602
6963
7017
7033
7071
7081
7107
7148
7153
7168
7176
7195
7212
7215
7221
7232
7240
7245
7252
7293
7498
7676
8435
9059
9113
9393
