3034
5606
2607
3891
3905
8702
7090
0002
7178
5204
5166
0107
9792
0117
0295
6149
0225
0001
7097
0118
7227
8907
9172
7146
03011
3247
5107
0270
0083
0028
0093
7100
0102
5281
7078
5293
0226
7007
7579
5190
5932
8591
0291
7528
0059
5253
8877
0206
0198
7197
0185
3336
5178
7161
0193
9466
1651
5129
8192
7595
9571
0245
5703
5073
0233
7163
5172
0045
5263
03033
5042
0310
5006
0273
0069
7003
0011
5184
0039
0160
0293
7201
0089
5069
1929
2291
2135
0136
3476
2453
1996
0189
2038
1902
9695
5113
2542
5135
4316
2569
5112
2089
5228
7167
2658
7174
0297
5024
8478
7216
6203
9385
6633
0095
0280
7315
5533
0252
4081
0260
7134
9776
7439
0309
3948
0074
03018
0271
7198
0239
2984
8605
5160
7062
7089
7935
0229
3719
9997
7088
7246
7186
0279
0163
2127
7113
0303
0283
0041
03005
0222
03013
03057
0005
0237
0157
8885
3239
4219
0152
4715
1643
3859
2097
3018
0022
0037
5517
9091
7803
0201
5022
03048
0281
0064
6139
5230
1058
8621
6009
2186
0209
7076
5007
0267
8613
0307
7199
0113
7091
7050
0240
9326
5916
7225
7172
0298
9423
7208
7223
5231
7211
5199
0080
5141
7277
0084
7253
4324
7108
03049
7250
6297
9938
5105
7157
7114
0228
8362
0268
7029
3883
8273
7247
8125
4995
5025
7169
9016
5095
7202
7123
5223
5001
5576
7854
0302
7757
4243
5264
8044
7241
6084
7374
5120
5130
5106
5111
5109
7120
2305
9814
6718
8206
7382
9962
5062
9687
1589
8923
6769
7323
7077
5038
0308
3174
7617
8583
4022
5040
3913
9539
5827
5053
8745
8664
5213
5315
3743
2259
5191
0230
7889
5239
5401
5148
5200
7066
3417
1503
7105
4251
1724
4286
6017
7765
4596
5260
5196
0116
4006
0153
2739
5248
7137
03047
5296
0287
7722
7016
5037
0261
03053
5276
5908
5056
2755
6939
5136
5673
7096
5035
9121
8486
3514
5983
8419
3611
7010
5147
6599
7668
5180
5121
5227
5212
5176
6351
9288
03016
5295
8672
0210
7052
5305
9369
7230
0190
0278
0166
9334
0275
0181
0208
5286
0272
4359
0120
0097
7210
7013
6254
8346
5173
6521
5246
0173
0058
0079
0103
0043
0126
0108
0020
0096
0106
0145
6556
7020
0313
5797
0266
3778
5087
9873
5665
7226
0035
0178
5031
4162
0299
7218
7117
0078
7053
8397
3565
0048
0305
6807
5272
8524
