0022
0037
0049
0107
0116
0117
0152
0153
0190
0197
0210
0216
0229
0237
0239
0250
0263
0279
0287
03016
03047
03053
1198
1562
1619
1643
2097
2143
2739
2755
2984
3018
3239
3514
3573
3719
3859
4006
4219
4405
4464
4715
5015
5037
5080
5081
5104
5131
5156
5159
5160
5166
5196
5198
5204
5242
5248
5260
5271
5275
5291
5295
5296
5305
5316
5322
5517
5592
5657
5983
6068
6351
6939
7004
7006
7036
7048
7052
7060
7062
7080
7087
7088
7089
7094
7096
7099
7130
7132
7137
7139
7152
7165
7168
7180
7186
7192
7198
7209
7215
7230
7243
7246
7722
7773
7811
7935
8079
8605
8672
8885
8907
8966
9083
9091
9113
9172
9288
9369
9407
9792
9997
