5211
5114
5379
7031
5206
5258
5238
0147
9431
7087
7139
5080
0250
4405
5198
5322
9083
7004
5271
7103
6399
4502
7082
0100
03026
9237
7115
7133
7025
0248
0105
0054
5284
5308
0301
5151
0055
0306
0038
0277
03025
9377
0060
03038
0265
0075
0034
4944
9008
0129
0259
0132
0094
7005
8133
7187
5165
7229
6211
7140
7043
1481
0068
5606
3905
8702
7090
0002
7178
5166
0295
6149
0225
0001
7227
8907
9172
7146
9393
5107
0270
0083
0028
0093
7100
0102
5281
7078
5293
0226
7007
7579
5190
5932
0291
7528
8877
0206
7197
3336
5178
7161
0193
9466
5129
8192
9571
0245
5073
0233
7163
5172
0045
03033
5042
2054
0310
0273
0011
0160
0293
7201
0089
1929
2135
0136
3476
2453
1996
2038
1902
9695
5135
4316
2569
5112
5228
7167
7174
5024
8478
7216
9385
6633
0095
5202
0280
7315
5533
0252
4081
0260
9776
7439
0309
3948
0074
03018
0271
0239
2984
7089
0229
7246
7186
0279
2127
0182
0303
0283
03005
03013
03057
0005
0237
0157
8885
1643
2097
3018
0037
5517
7803
0201
03048
0281
0064
6139
5230
8621
2186
0209
5007
0267
8613
0307
0113
7091
7050
0240
9326
5916
7225
7172
0298
9423
7208
7223
5231
7211
0257
0080
5141
0084
7253
5321
7108
03049
7250
6297
5105
7114
0228
8362
3883
8273
7498
7247
8125
7169
9016
5095
7202
5223
5576
0302
7757
7241
6084
7374
5120
2305
6602
9814
7382
5062
9687
8923
7077
0308
3174
7617
8583
3913
9539
5827
5053
8745
5315
3743
2259
0230
7889
5239
5401
5148
7066
3417
4286
6017
7765
0116
0153
2739
5248
7137
03047
5296
0287
7722
7016
03053
5276
5908
5056
2755
6939
0161
5136
7096
9121
5843
3514
5983
8419
3611
7010
6599
7668
5180
5212
9288
03016
8672
0210
5305
9369
0278
0275
0181
0208
0272
4359
0120
7210
7013
6254
0058
0079
5195
0126
0108
0020
0106
0145
6556
7020
0313
5797
0266
3778
5087
9873
7226
0035
0169
0299
0078
3565
0305
8524
